# L=8, N=8, T=1.0, sym gs
#          U         Eg                 S₁(ℓ=4)              S₁acc(ℓ=4)                 S₂(ℓ=4)              S₂acc(ℓ=4)                 EN(ℓ=4)              ENacc(ℓ=4)
    0.100000     -1.566032219790E+01      1.712121277557E+00      5.155057601055E-03      1.568187708482E+00      1.230323400945E-03      1.909772770645E+00      4.956175488752E-02
    0.107227     -1.563649279022E+01      1.709111763585E+00      5.719647309179E-03      1.564545659115E+00      1.384432739699E-03      1.909643523478E+00      5.260241588370E-02
    0.114976     -1.561103782379E+01      1.705961338564E+00      6.337786424750E-03      1.560719407927E+00      1.555870219962E-03      1.909490217266E+00      5.579636739426E-02
    0.123285     -1.558385213671E+01      1.702666822687E+00      7.013221972796E-03      1.556703885458E+00      1.746219932110E-03      1.909309795405E+00      5.914744998344E-02
    0.132194     -1.555482442172E+01      1.699225237077E+00      7.749759608707E-03      1.552494300358E+00      1.957147095755E-03      1.909098917340E+00      6.265915828217E-02
    0.141747     -1.552383693569E+01      1.695633814063E+00      8.551231797073E-03      1.548086174615E+00      2.190391211172E-03      1.908853944543E+00      6.633458978295E-02
    0.151991     -1.549076520185E+01      1.691890003386E+00      9.421461639760E-03      1.543475375847E+00      2.447757011756E-03      1.908570927404E+00      7.017639333454E-02
    0.162975     -1.545547770557E+01      1.687991473701E+00      1.036422253095E-02      1.538658145608E+00      2.731103069718E-03      1.908245593239E+00      7.418671809932E-02
    0.174753     -1.541783558408E+01      1.683936108843E+00      1.138319395608E-02      1.533631122647E+00      3.042327949596E-03      1.907873335637E+00      7.836716380717E-02
    0.187382     -1.537769231126E+01      1.679721998362E+00      1.248191389992E-02      1.528391360026E+00      3.383353857974E-03      1.907449205310E+00      8.271873319516E-02
    0.200923     -1.533489337831E+01      1.675347421941E+00      1.366372848108E-02      1.522936335073E+00      3.756107801935E-03      1.906967902633E+00      8.724178755925E-02
    0.215443     -1.528927597177E+01      1.670810827427E+00      1.493173957961E-02      1.517263951152E+00      4.162500342564E-03      1.906423771996E+00      9.193600635817E-02
    0.231013     -1.524066865027E+01      1.666110802329E+00      1.628875136457E-02      1.511372530393E+00      4.604402111149E-03      1.905810798067E+00      9.680035180097E-02
    0.247708     -1.518889102199E+01      1.661246038767E+00      1.773721675064E-02      1.505260796591E+00      5.083618342073E-03      1.905122604033E+00      1.018330393129E-01
    0.265609     -1.513375342505E+01      1.656215292019E+00      1.927918491072E-02      1.498927847695E+00      5.601861764374E-03      1.904352451816E+00      1.070315147174E-01
    0.284804     -1.507505661337E+01      1.651017332921E+00      2.091625103715E-02      1.492373117431E+00      6.160724279641E-03      1.903493244247E+00      1.123924388735E-01
    0.305386     -1.501259145133E+01      1.645650894526E+00      2.264950957143E-02      1.485596325834E+00      6.761647933243E-03      1.902537529082E+00      1.179116804043E-01
    0.327455     -1.494613862078E+01      1.640114613492E+00      2.447951210743E-02      1.478597418620E+00      7.405895753951E-03      1.901477504773E+00      1.235843170578E-01
    0.351119     -1.487546834492E+01      1.634406966762E+00      2.640623111270E-02      1.471376495511E+00      8.094523090045E-03      1.900305027765E+00      1.294046460492E-01
    0.376494     -1.480034013401E+01      1.628526204122E+00      2.842903050825E-02      1.463933727765E+00      8.828350103903E-03      1.899011621130E+00      1.353662036337E-01
    0.403702     -1.472050255885E+01      1.622470277171E+00      3.054664400007E-02      1.456269265238E+00      9.607936098832E-03      1.897588484252E+00      1.414617940126E-01
    0.432876     -1.463569305907E+01      1.616236765201E+00      3.275716187464E-02      1.448383133354E+00      1.043355634018E-02      1.896026503263E+00      1.476835275497E-01
    0.464159     -1.454563779402E+01      1.609822798323E+00      3.505802676182E-02      1.440275120249E+00      1.130518199691E-02      1.894316261918E+00      1.540228681778E-01
    0.497702     -1.445005154572E+01      1.603224977962E+00      3.744603864633E-02      1.431944654217E+00      1.222246377183E-02      1.892448052513E+00      1.604706898100E-01
    0.533670     -1.434863768434E+01      1.596439294626E+00      3.991736918665E-02      1.423390671223E+00      1.318471971207E-02      1.890411886487E+00      1.670173415476E-01
    0.572237     -1.424108820890E+01      1.589461042461E+00      4.246758519507E-02      1.414611471787E+00      1.419092760220E-02      1.888197504297E+00      1.736527215084E-01
    0.613591     -1.412708387740E+01      1.582284729734E+00      4.509168096446E-02      1.405604565831E+00      1.523972224927E-02      1.885794384131E+00      1.803663592029E-01
    0.657933     -1.400629444326E+01      1.574903983869E+00      4.778411901763E-02      1.396366503086E+00      1.632939788300E-02      1.883191749021E+00      1.871475065686E-01
    0.705480     -1.387837901763E+01      1.567311449057E+00      5.053887882845E-02      1.386892685408E+00      1.745791583060E-02      1.880378571888E+00      1.939852380309E-01
    0.756463     -1.374298658059E+01      1.559498673764E+00      5.334951314911E-02      1.377177155547E+00      1.862291760165E-02      1.877343577965E+00      2.008685603031E-01
    0.811131     -1.359975666848E+01      1.551455984502E+00      5.620921180864E-02      1.367212354678E+00      1.982174355937E-02      1.874075243944E+00      2.077865330896E-01
    0.869749     -1.344832026940E+01      1.543172341156E+00      5.911087326504E-02      1.356988837887E+00      2.105145748995E-02      1.870561792985E+00      2.147284023867E-01
    0.932603     -1.328830096581E+01      1.534635167631E+00      6.204718484898E-02      1.346494932788E+00      2.230887765166E-02      1.866791184340E+00      2.216837486728E-01
    1.000000     -1.311931637038E+01      1.525830149656E+00      6.501071359386E-02      1.335716321017E+00      2.359061534499E-02      1.862751095682E+00      2.286426528840E-01
    1.072267     -1.294097991204E+01      1.516740988921E+00      6.799401088172E-02      1.324635515134E+00      2.489312276258E-02      1.858428895096E+00      2.355958836001E-01
    1.149757     -1.275290304152E+01      1.507349099052E+00      7.098973593452E-02      1.313231193835E+00      2.621275295014E-02      1.853811597807E+00      2.425351091288E-01
    1.232847     -1.255469794253E+01      1.497633223808E+00      7.399080553446E-02      1.301477345475E+00      2.754583625640E-02      1.848885799611E+00      2.494531378818E-01
    1.321941     -1.234598085628E+01      1.487568950554E+00      7.699058033039E-02      1.289342152661E+00      2.888877982699E-02      1.843637574046E+00      2.563441890774E-01
    1.417474     -1.212637615543E+01      1.477128081595E+00      7.998310167723E-02      1.276786527721E+00      3.023819968935E-02      1.838052312456E+00      2.632041925802E-01
    1.519911     -1.189552134076E+01      1.466277810739E+00      8.296339699457E-02      1.263762178215E+00      3.159109898430E-02      1.832114473771E+00      2.700311102194E-01
    1.629751     -1.165307318336E+01      1.454979630271E+00      8.592787562862E-02      1.250209041250E+00      3.294511111366E-02      1.825807191527E+00      2.768252588983E-01
    1.747528     -1.139871530061E+01      1.443187860933E+00      8.887484005008E-02      1.236051872290E+00      3.429883307796E-02      1.819111655932E+00      2.835895950159E-01
    1.873817     -1.113216754102E+01      1.430847649558E+00      9.180513669876E-02      1.221195706074E+00      3.565228189669E-02      1.812006145099E+00      2.903298872361E-01
    2.009233     -1.085319766764E+01      1.417892208548E+00      9.472296272584E-02      1.205519822550E+00      3.700751495966E-02      1.804464514443E+00      2.970546525872E-01
    2.154435     -1.056163597907E+01      1.404238968642E+00      9.763682180856E-02      1.188869752614E+00      3.836946144314E-02      1.796453854173E+00      3.037746446891E-01
    2.310130     -1.025739369850E+01      1.389784169211E+00      1.005605712250E-01      1.171046760872E+00      3.974701211942E-02      1.787930882728E+00      3.105015523572E-01
    2.477076     -9.940486196118E+00      1.374395207004E+00      1.035144021759E-01      1.151794186134E+00      4.115440005344E-02      1.778836446774E+00      3.172453751540E-01
    2.656088     -9.611062379330E+00      1.357899802267E+00      1.065254127802E-01      1.130780101231E+00      4.261285778433E-02      1.769087236738E+00      3.240096697276E-01
    2.848036     -9.269441845515E+00      1.340070751967E+00      1.096271215817E-01      1.107576181511E+00      4.415242704697E-02      1.758563504351E+00      3.307834866433E-01
    3.053856     -8.916161534005E+00      1.320604845186E+00      1.128567757040E-01      1.081633862900E+00      4.581357402160E-02      1.747091298183E+00      3.375284362967E-01
    3.274549     -8.552033392180E+00      1.299094746555E+00      1.162486061237E-01      1.052261576792E+00      4.764785197534E-02      1.734417618310E+00      3.441589348483E-01
    3.511192     -8.178213498135E+00      1.274994060889E+00      1.198203717188E-01      1.018612217779E+00      4.971617147870E-02      1.720177537078E+00      3.505138521600E-01
    3.764936     -7.796280304444E+00      1.247579820409E+00      1.235500564182E-01      9.796992287645E-01      5.208227006182E-02      1.703854580146E+00      3.563192006534E-01
    4.037017     -7.408313931641E+00      1.215925464474E+00      1.273405951522E-01      9.344724084510E-01      5.479797517719E-02      1.684741022018E+00      3.611456202070E-01
    4.328761     -7.016958519843E+00      1.178912737001E+00      1.309751753201E-01      8.819946781462E-01      5.787676061922E-02      1.661914684647E+00      3.643728409263E-01
    4.641589     -6.625435912654E+00      1.135329696268E+00      1.340764751074E-01      8.217506323214E-01      6.125494577074E-02      1.634262734857E+00      3.651862774666E-01
    4.977024     -6.237466645060E+00      1.084107756892E+00      1.360993286351E-01      7.540576491238E-01      6.474832630450E-02      1.600593301760E+00      3.626427685487E-01
    5.336699     -5.857056760040E+00      1.024709297028E+00      1.363965345841E-01      6.804298962910E-01      6.802598194233E-02      1.559863733892E+00      3.558370199714E-01
    5.722368     -5.488144174995E+00      9.575633019484E-01      1.343782188743E-01      6.036354695521E-01      7.063344553740E-02      1.511498920053E+00      3.441569689465E-01
    6.135907     -5.134168564907E+00      8.843125538902E-01      1.297226690544E-01      5.272482179850E-01      7.208577923079E-02      1.455684942142E+00      3.275395834500E-01
    6.579332     -4.797696390383E+00      8.076386059809E-01      1.225292012389E-01      4.548000064828E-01      7.200870343652E-02      1.393474643158E+00      3.065882655514E-01
    7.054802     -4.480234218457E+00      7.306663271395E-01      1.133116527526E-01      3.889538474241E-01      7.026091738663E-02      1.326614062814E+00      2.824640549095E-01
    7.564633     -4.182278131302E+00      6.562427086320E-01      1.028336496531E-01      3.311024731955E-01      6.697159665891E-02      1.257162427637E+00      2.565985299555E-01
    8.111308     -3.903537053366E+00      5.864399541745E-01      9.188829224172E-02      2.814672508768E-01      6.248058271886E-02      1.187089468984E+00      2.303758171103E-01
    8.697490     -3.643215139794E+00      5.224234156793E-01      8.113189807510E-02      2.394805928828E-01      5.722507467944E-02      1.118003510364E+00      2.049128732969E-01
    9.326033     -3.400259936356E+00      4.645938423529E-01      7.101465198505E-02      2.041935706954E-01      5.163109332490E-02      1.051052505356E+00      1.809771786852E-01
   10.000000     -3.173536044011E+00      4.128349548060E-01      6.178868577457E-02      1.745699623433E-01      4.604484764699E-02      9.869537210494E-01      1.590083983925E-01
   10.722672     -2.961925938497E+00      3.667439109581E-01      5.355355713745E-02      1.496472010583E-01      4.070852052350E-02      9.260844941078E-01      1.391898779447E-01
   11.497570     -2.764377701137E+00      3.257962285002E-01      4.630803130927E-02      1.286000237897E-01      3.576709732223E-02      8.685833417189E-01      1.215288506754E-01
   12.328467     -2.579920741973E+00      2.894447717656E-01      3.999293828963E-02      1.107492836824E-01      3.128962664891E-02      8.144359289075E-01      1.059245981137E-01
   13.219411     -2.407665192287E+00      2.571703939377E-01      3.452124896683E-02      9.554636720913E-02      2.729290108370E-02      7.635385331429E-01      9.221854164164E-02
   14.174742     -2.246794576022E+00      2.285028142278E-01      2.979691201114E-02      8.255034060250E-02      2.376150971870E-02      7.157407601102E-01      8.022764731057E-02
   15.199111     -2.096556834880E+00      2.030254529849E-01      2.572552859204E-02      7.140576595555E-02      2.066249904392E-02      6.708723194159E-01      6.976500477900E-02
   16.297508     -1.956255981978E+00      1.803727427607E-01      2.221972533563E-02      6.182403367740E-02      1.795507296115E-02      6.287587466433E-01      6.065150890796E-02
   17.475284     -1.825245147584E+00      1.602246036665E-01      1.920135183547E-02      5.356865810579E-02      1.559650918206E-02      5.892299743155E-01      5.272178481495E-02
   18.738174     -1.702921066416E+00      1.423003926731E-01      1.660191100790E-02      4.644404989394E-02      1.354548377314E-02      5.521245244180E-01      4.582659274118E-02
   20.092330     -1.588719779086E+00      1.263533138186E-01      1.436208762924E-02      4.028704072882E-02      1.176374654220E-02      5.172911554264E-01      3.983319693877E-02
   21.544347     -1.482113257779E+00      1.121656075853E-01      1.243087656995E-02      3.496048061356E-02      1.021680763314E-02      4.845891142200E-01      3.462463562537E-02
   23.101297     -1.382606694591E+00      9.954453467847E-02      1.076458561289E-02      3.034835955406E-02      8.874064610567E-03      4.538876841755E-01      3.009845970186E-02
   24.770764     -1.289736247887E+00      8.831905437921E-02      9.325853721825E-03      2.635204206327E-02      7.708634683744E-03      4.250654274906E-01      2.616527053945E-02
   26.560878     -1.203067099295E+00      7.833707084243E-02      8.082749748108E-03      2.288731654047E-02      6.697048294770E-03      3.980093397903E-01      2.274724006575E-02
   28.480359     -1.122191721368E+00      6.946313031114E-02      7.007975453928E-03      1.988204751063E-02      5.818892473623E-03      3.726140283784E-01      1.977670805965E-02
   30.538555     -1.046728291284E+00      6.157647325286E-02      6.078175646472E-03      1.727428052061E-02      5.056451522999E-03      3.487809645009E-01      1.719490013866E-02
   32.745492     -9.763192105905E-01      5.456936705746E-02      5.273348284384E-03      1.501069278877E-02      4.394368781998E-03      3.264178265723E-01      1.495078102289E-02
   35.111917     -9.106297074091E-01      4.834566324567E-02      4.576343474589E-03      1.304531266871E-02      3.819339767650E-03      3.054379340892E-01      1.300004218005E-02
   37.649358     -8.493465077668E-01      4.281953732579E-02      3.972439404590E-03      1.133845168002E-02      3.319839678655E-03      2.857597639366E-01      1.130421527799E-02
   40.370173     -7.921765689828E-01      3.791437992833E-02      3.448983847043E-03      9.855807226958E-03      2.885884476380E-03      2.673065378224E-01      9.829899602271E-03
   43.287613     -7.388458715178E-01      3.356181541611E-02      2.995091072364E-03      8.567704218027E-03      2.508822986345E-03      2.500058692333E-01      8.548090731313E-03
   46.415888     -6.890982675201E-01      2.970082957046E-02      2.601385372555E-03      7.448450999242E-03      2.181156784346E-03      2.337894592205E-01      7.433598137739E-03
   49.770236     -6.426943850996E-01      2.627699181248E-02      2.259783724144E-03      6.475790248062E-03      1.896384526155E-03      2.185928317359E-01      6.464540342839E-03
   53.366992     -5.994105875798E-01      2.324176019833E-02      1.963311310431E-03      5.630429355586E-03      1.648867555653E-03      2.043551007593E-01      5.621907429463E-03
   57.223677     -5.590379868992E-01      2.055185946372E-02      1.705944655076E-03      4.895637760364E-03      1.433713923694E-03      1.910187628891E-01      4.889181926064E-03
   61.359073     -5.213815101190E-01      1.816872391609E-02      1.482477992588E-03      4.256900960380E-03      1.246678283426E-03      1.785295103283E-01      4.252010216620E-03
   65.793322     -4.862590177370E-01      1.605799814167E-02      1.288409231362E-03      3.701622704832E-03      1.084075454748E-03      1.668360602647E-01      3.697917667130E-03
   70.548023     -4.535004722697E-01      1.418908941546E-02      1.119842470988E-03      3.218868281136E-03      9.427057513282E-04      1.558899975246E-01      3.216061577200E-03
   75.646333     -4.229471553593E-01      1.253476644609E-02      9.734045368301E-04      2.799142952951E-03      8.197904307114E-04      1.456456280892E-01      2.797016867409E-03
   81.113083     -3.944509315064E-01      1.107079970359E-02      8.461734091923E-04      2.434200535630E-03      7.129158610168E-04      1.360598416304E-01      2.432590108626E-03
   86.974900     -3.678735564188E-01      9.775639098105E-03      7.356167668342E-04      2.116877861818E-03      6.199851986260E-04      1.270919816694E-01      2.115658099764E-03
   93.260335     -3.430860279025E-01      8.630125224895E-03      6.395391481776E-04      1.840951525686E-03      5.391765431357E-04      1.187037223067E-01      1.840027717753E-03
  100.000000     -3.199679771893E-01      7.617230780074E-03      5.560364687698E-04      1.601013825549E-03      4.689066828034E-04      1.108589507422E-01      1.600314208628E-03
