# L=5, N=5, T=1.0, sym gs
#          U         Eg                 S₁(ℓ=2)              S₁acc(ℓ=2)                 S₂(ℓ=2)              S₂acc(ℓ=2)                 EN(ℓ=2)              ENacc(ℓ=2)
    0.000000     -1.000000000000E+01      1.497998182904E+00     -5.551115123126E-17      1.379287466046E+00     -8.881784197001E-16      1.607739800130E+00      1.332267629550E-15
    0.100000     -9.803813255083E+00      1.475561485228E+00      7.314615612880E-04      1.352140366078E+00      1.397328937990E-04      1.605358785225E+00      1.591750810369E-02
    0.200000     -9.614597887222E+00      1.455747122198E+00      2.269093399150E-03      1.327778663464E+00      4.922372214740E-04      1.602289902126E+00      2.992127937620E-02
    0.300000     -9.431539190391E+00      1.437865883144E+00      4.194219341113E-03      1.305674691082E+00      9.826103513754E-04      1.598714571925E+00      4.234161035705E-02
    0.400000     -9.253994314188E+00      1.421492737232E+00      6.304586226909E-03      1.285420289659E+00      1.560016245426E-03      1.594761118681E+00      5.343761038224E-02
    0.500000     -9.081445590987E+00      1.406329746799E+00      8.486001787274E-03      1.266695518145E+00      2.189568760541E-03      1.590522382146E+00      6.341502648196E-02
    0.600000     -8.913468832376E+00      1.392156950816E+00      1.067091490770E-02      1.249245963372E+00      2.847144184952E-03      1.586066840152E+00      7.243925125149E-02
    0.700000     -8.749711207199E+00      1.378806445281E+00      1.281881482067E-02      1.232866360772E+00      3.516001667295E-03      1.581445844003E+00      8.064482375555E-02
    0.800000     -8.589875432152E+00      1.366146775439E+00      1.490566512039E-02      1.217388718290E+00      4.184541678200E-03      1.576698444111E+00      8.814241394128E-02
    0.900000     -8.433708230783E+00      1.354072842637E+00      1.691778946602E-02      1.202673634836E+00      4.844794454432E-03      1.571854676862E+00      9.502400242485E-02
    1.000000     -8.280991746583E+00      1.342499068754E+00      1.884816640423E-02      1.188603893151E+00      5.491384896760E-03      1.566937843911E+00      1.013667590627E-01
    1.100000     -8.131537043394E+00      1.331354610168E+00      2.069410802521E-02      1.175079684706E+00      6.120813415772E-03      1.561966117610E+00      1.072359757146E-01
    1.200000     -7.985179108217E+00      1.320579919757E+00      2.245576748192E-02      1.162015016986E+00      6.730949338814E-03      1.556953687634E+00      1.126873053529E-01
    1.300000     -7.841772953446E+00      1.310124225813E+00      2.413515879793E-02      1.149334986297E+00      7.320669226103E-03      1.551911590497E+00      1.177684878305E-01
    1.400000     -7.701190535734E+00      1.299943651580E+00      2.573550121881E-02      1.136973690872E+00      7.889595190077E-03      1.546848317091E+00      1.225206924019E-01
    1.500000     -7.563318289586E+00      1.289999792412E+00      2.726077335499E-02      1.124872622685E+00      8.437903019633E-03      1.541770263223E+00      1.269795717347E-01
    1.600000     -7.428055129386E+00      1.280258626122E+00      2.871540526182E-02      1.112979421028E+00      8.966179557805E-03      1.536682068106E+00      1.311760970168E-01
    1.700000     -7.295310812334E+00      1.270689670062E+00      3.010406256087E-02      1.101246902347E+00      9.475315191268E-03      1.531586872346E+00      1.351372257483E-01
    1.800000     -7.165004582233E+00      1.261265323723E+00      3.143149279824E-02      1.089632303382E+00      9.966421620319E-03      1.526486517814E+00      1.388864407724E-01
    1.900000     -7.037064033865E+00      1.251960352860E+00      3.270241441504E-02      1.078096690716E+00      1.044076800825E-02      1.521381705408E+00      1.424441895904E-01
    2.000000     -6.911424152031E+00      1.242751483102E+00      3.392143525833E-02      1.066604501581E+00      1.089973062245E-02      1.516272122332E+00      1.458282460226E-01
    2.100000     -6.788026489958E+00      1.233617079428E+00      3.509299184512E-02      1.055123189227E+00      1.134475247648E-02      1.511156547356E+00      1.490540110984E-01
    2.200000     -6.666818459650E+00      1.224536893912E+00      3.622130343243E-02      1.043622952373E+00      1.177731046219E-02      1.506032940332E+00      1.521347662109E-01
    2.300000     -6.547752712727E+00      1.215491868542E+00      3.731033685296E-02      1.032076532801E+00      1.219888815411E-02      1.500898520619E+00      1.550818886686E-01
    2.400000     -6.430786594795E+00      1.206463983040E+00      3.836377937134E-02      1.020459068469E+00      1.261095296548E-02      1.495749837941E+00      1.579050375943E-01
    2.500000     -6.315881659901E+00      1.197436140025E+00      3.938501770485E-02      1.008747991929E+00      1.301493669434E-02      1.490582838335E+00      1.606123164460E-01
    2.600000     -6.203003234329E+00      1.188392081509E+00      4.037712196856E-02      9.969229655922E-01      1.341221876170E-02      1.485392927211E+00      1.632104171490E-01
    2.700000     -6.092120021098E+00      1.179316332032E+00      4.134283373396E-02      9.849658466373E-01      1.380411163896E-02      1.480175031076E+00      1.657047498244E-01
    2.800000     -5.983203738260E+00      1.170194164623E+00      4.228455769049E-02      9.728606752237E-01      1.419184810834E-02      1.474923659087E+00      1.680995613048E-01
    2.900000     -5.876228785408E+00      1.161011586459E+00      4.320435660762E-02      9.605936803273E-01      1.457657011105E-02      1.469632965270E+00      1.703980449900E-01
    3.000000     -5.771171933964E+00      1.151755341513E+00      4.410394943746E-02      9.481532979240E-01      1.495931902254E-02      1.464296812012E+00      1.726024440766E-01
    3.100000     -5.668012037685E+00      1.142412927835E+00      4.498471249124E-02      9.355301965745E-01      1.534102725892E-02      1.458908835178E+00      1.747141497570E-01
    3.200000     -5.566729760603E+00      1.132972627241E+00      4.584768367786E-02      9.227173057060E-01      1.572251116770E-02      1.453462511012E+00      1.767337956199E-01
    3.300000     -5.467307320280E+00      1.123423545311E+00      4.669356981867E-02      9.097098421076E-01      1.610446519197E-02      1.447951224791E+00      1.786613491623E-01
    3.400000     -5.369728244737E+00      1.113755659630E+00      4.752275705427E-02      8.965053303870E-01      1.648745732282E-02      1.442368341031E+00      1.804962010465E-01
    3.500000     -5.273977141950E+00      1.103959874171E+00      4.833532434101E-02      8.831036134120E-01      1.687192587081E-02      1.436707274854E+00      1.822372524917E-01
    3.600000     -5.180039481143E+00      1.094028077700E+00      4.913106000102E-02      8.695068490922E-01      1.725817759515E-02      1.430961564038E+00      1.838830009687E-01
    3.700000     -5.087901385462E+00      1.083953204038E+00      4.990948124274E-02      8.557194902764E-01      1.764638722934E-02      1.425124941057E+00      1.854316241770E-01
    3.800000     -4.997549435889E+00      1.073729291981E+00      5.066985651261E-02      8.417482450395E-01      1.803659843567E-02      1.419191404383E+00      1.868810621147E-01
    3.900000     -4.908970486475E+00      1.063351542652E+00      5.141123047539E-02      8.276020152263E-01      1.842872620819E-02      1.413155288172E+00      1.882290969095E-01
    4.000000     -4.822151491160E+00      1.052816372121E+00      5.213245135454E-02      8.132918117853E-01      1.882256072593E-02      1.407011329412E+00      1.894734299613E-01
    4.100000     -4.737079342560E+00      1.042121457141E+00      5.283220029802E-02      7.988306461629E-01      1.921777263597E-02      1.400754731572E+00      1.906117558583E-01
    4.200000     -4.653740723197E+00      1.031265772043E+00      5.350902237222E-02      7.842333978062E-01      1.961391972059E-02      1.394381223771E+00      1.916418324653E-01
    4.300000     -4.572121969707E+00      1.020249614944E+00      5.416135873135E-02      7.695166586157E-01      2.001045487496E-02      1.387887114506E+00      1.925615465499E-01
    4.400000     -4.492208950513E+00      1.009074621697E+00      5.478757946391E-02      7.546985559721E-01      2.040673529398E-02      1.381269339041E+00      1.933689743100E-01
    4.500000     -4.413986957475E+00      9.977437663023E-01      5.538601658506E-02      7.397985566967E-01      2.080203273871E-02      1.374525499642E+00      1.940624361924E-01
    4.600000     -4.337440611902E+00      9.862613468254E-01      5.595499662572E-02      7.248372549584E-01      2.119554472722E-02      1.367653897941E+00      1.946405454417E-01
    4.700000     -4.262553785223E+00      9.746329562558E-01      5.649287226796E-02      7.098361476971E-01      2.158640647196E-02      1.360653558880E+00      1.951022499042E-01
    4.800000     -4.189309534512E+00      9.628654381419E-01      5.699805249154E-02      6.948174015472E-01      2.197370336730E-02      1.353524245825E+00      1.954468667058E-01
    4.900000     -4.117690052843E+00      9.509668272583E-01      5.746903072931E-02      6.798036155230E-01      2.235648381744E-02      1.346266466631E+00      1.956741095473E-01
    5.000000     -4.047676634359E+00      9.389462759707E-01      5.790441057750E-02      6.648175838358E-01      2.273377218803E-02      1.338881470632E+00      1.957841084884E-01
    5.100000     -3.979249653713E+00      9.268139673571E-01      5.830292866966E-02      6.498820631752E-01      2.310458166312E-02      1.331371236701E+00      1.957774222337E-01
    5.200000     -3.912388559386E+00      9.145810164988E-01      5.866347439727E-02      6.350195485832E-01      2.346792679467E-02      1.323738452730E+00      1.956550430744E-01
    5.300000     -3.847071880217E+00      9.022593616617E-01      5.898510624235E-02      6.202520617200E-01      2.382283554339E-02      1.315986487058E+00      1.954183947750E-01
    5.400000     -3.783277244310E+00      8.898616473308E-01      5.926706457574E-02      6.056009548686E-01      2.416836062596E-02      1.308119352507E+00      1.950693238260E-01
    5.500000     -3.720981409372E+00      8.774011012371E-01      5.950878086341E-02      5.910867334794E-01      2.450359000637E-02      1.300141663861E+00      1.946100845927E-01
    5.600000     -3.660160303377E+00      8.648914076159E-01      5.970988331052E-02      5.767288994569E-01      2.482765639403E-02      1.292058589681E+00      1.940433189924E-01
    5.700000     -3.600789074395E+00      8.523465789592E-01      5.987019905495E-02      5.625458167469E-01      2.513974564020E-02      1.283875799489E+00      1.933720314009E-01
    5.800000     -3.542842148325E+00      8.397808284815E-01      5.998975309553E-02      5.485546001444E-01      2.543910395398E-02      1.275599407332E+00      1.925995595500E-01
    5.900000     -3.486293293270E+00      8.272084454004E-01      6.006876420388E-02      5.347710276189E-01      2.572504388979E-02      1.267235912821E+00      1.917295422017E-01
    6.000000     -3.431115689232E+00      8.146436749658E-01      6.010763812000E-02      5.212094758795E-01      2.599694908770E-02      1.258792140675E+00      1.907658843951E-01
    6.100000     -3.377282001862E+00      8.021006049516E-01      6.010695837039E-02      5.078828783854E-01      2.625427777632E-02      1.250275179792E+00      1.897127210485E-01
    6.200000     -3.324764459020E+00      7.895930600692E-01      6.006747507307E-02      4.948027045703E-01      2.649656507323E-02      1.241692322790E+00      1.885743796656E-01
    6.300000     -3.273534928955E+00      7.771345054887E-01      5.999009210614E-02      4.819789586907E-01      2.672342414036E-02      1.233051006893E+00      1.873553428450E-01
    6.400000     -3.223564999001E+00      7.647379603643E-01      5.987585301763E-02      4.694201964394E-01      2.693454627067E-02      1.224358756918E+00      1.860602112304E-01
    6.500000     -3.174826053791E+00      7.524159219746E-01      5.972592604397E-02      4.571335572780E-01      2.712969999709E-02      1.215623131035E+00      1.846936674681E-01
    6.600000     -3.127289352050E+00      7.401803008129E-01      5.954158858597E-02      4.451248103373E-01      2.730872932586E-02      1.206851669852E+00      1.832604416560E-01
    6.700000     -3.080926101202E+00      7.280423667077E-01      5.932421146425E-02      4.333984117023E-01      2.747155120358E-02      1.198051849239E+00      1.817652786909E-01
    6.800000     -3.035707529078E+00      7.160127058184E-01      5.907524324483E-02      4.219575709262E-01      2.761815233073E-02      1.189231037243E+00      1.802129078349E-01
    6.900000     -2.991604952174E+00      7.041011881540E-01      5.879619488958E-02      4.108043247045E-01      2.774858543491E-02      1.180396455275E+00      1.786080147443E-01
    7.000000     -2.948589839986E+00      6.923169450907E-01      5.848862494903E-02      3.999396157618E-01      2.786296511453E-02      1.171555143710E+00      1.769552161264E-01
    7.100000     -2.906633875077E+00      6.806683562323E-01      5.815412547669E-02      3.893633751630E-01      2.796146335878E-02      1.162713931908E+00      1.752590371221E-01
    7.200000     -2.865709008626E+00      6.691630448526E-01      5.779430880679E-02      3.790746064365E-01      2.804430484321E-02      1.153879412601E+00      1.735238914476E-01
    7.300000     -2.825787511285E+00      6.578078810920E-01      5.741079530168E-02      3.690714700893E-01      2.811176209185E-02      1.145057920530E+00      1.717540642749E-01
    7.400000     -2.786842019293E+00      6.466089920368E-01      5.700520214213E-02      3.593513672861E-01      2.816415058809E-02      1.136255515150E+00      1.699536977835E-01
    7.500000     -2.748845575815E+00      6.355717777970E-01      5.657913320381E-02      3.499110216572E-01      2.820182390650E-02      1.127477967169E+00      1.681267792785E-01
    7.600000     -2.711771667587E+00      6.247009327034E-01      5.613417003698E-02      3.407465583889E-01      2.822516892827E-02      1.118730748675E+00      1.662771317373E-01
    7.700000     -2.675594256975E+00      6.140004707734E-01      5.567186394361E-02      3.318535799174E-01      2.823460119306E-02      1.110019026569E+00      1.644084066283E-01
    7.800000     -2.640287809602E+00      6.034737546329E-01      5.519372912712E-02      3.232272377132E-01      2.823056043057E-02      1.101347658996E+00      1.625240788243E-01
    7.900000     -2.605827317747E+00      5.931235271351E-01      5.470123687465E-02      3.148622997851E-01      2.821350630648E-02      1.092721194482E+00      1.606274434273E-01
    8.000000     -2.572188319729E+00      5.829519449776E-01      5.419581071938E-02      3.067532136575E-01      2.818391440896E-02      1.084143873472E+00      1.587216143141E-01
    8.100000     -2.539346915527E+00      5.729606136820E-01      5.367882252190E-02      2.988941646911E-01      2.814227249461E-02      1.075619631973E+00      1.568095242136E-01
    8.200000     -2.507279778875E+00      5.631506233713E-01      5.315158940292E-02      2.912791297042E-01      2.808907700602E-02      1.067152107009E+00      1.548939261286E-01
    8.300000     -2.475964166119E+00      5.535225848454E-01      5.261537145612E-02      2.839019259375E-01      2.802482986739E-02      1.058744643632E+00      1.529773959240E-01
    8.400000     -2.445377922081E+00      5.440766655232E-01      5.207137016824E-02      2.767562554627E-01      2.795003555941E-02      1.050400303210E+00      1.510623359095E-01
    8.500000     -2.415499483193E+00      5.348126248848E-01      5.152072747320E-02      2.698357451894E-01      2.786519847068E-02      1.042121872782E+00      1.491509792573E-01
    8.600000     -2.386307878183E+00      5.257298491063E-01      5.096452536891E-02      2.631339826630E-01      2.777082051918E-02      1.033911875244E+00      1.472453951060E-01
    8.700000     -2.357782726525E+00      5.168273846356E-01      5.040378602754E-02      2.566445478736E-01      2.766739903483E-02      1.025772580174E+00      1.453474942153E-01
    8.800000     -2.329904234931E+00      5.081039705115E-01      4.983947233373E-02      2.503610413168E-01      2.755542489157E-02      1.017706015121E+00      1.434590350472E-01
    8.900000     -2.302653192084E+00      4.995580692713E-01      4.927248878882E-02      2.442771085560E-01      2.743538087619E-02      1.009713977204E+00      1.415816301641E-01
    9.000000     -2.276010961844E+00      4.911878963345E-01      4.870368272413E-02      2.383864615455E-01      2.730774027974E-02      1.001798044873E+00      1.397167528439E-01
    9.100000     -2.249959475119E+00      4.829914477879E-01      4.813384577022E-02      2.326828969697E-01      2.717296569667E-02      9.939595897221E-01      1.378657438272E-01
    9.200000     -2.224481220595E+00      4.749665265251E-01      4.756371553444E-02      2.271603118513E-01      2.703150801653E-02      9.861997882411E-01      1.360298181198E-01
    9.300000     -2.199559234484E+00      4.671107667236E-01      4.699397744335E-02      2.218127166744E-01      2.688380559297E-02      9.785196334292E-01      1.342100717871E-01
    9.400000     -2.175177089476E+00      4.594216566628E-01      4.642526671124E-02      2.166342462581E-01      2.673028357485E-02      9.709199461867E-01      1.324074886840E-01
    9.500000     -2.151318883002E+00      4.518965599052E-01      4.585817040058E-02      2.116191686038E-01      2.657135338488E-02      9.634013864296E-01      1.306229470744E-01
    9.600000     -2.127969224971E+00      4.445327348802E-01      4.529322954409E-02      2.067618919268E-01      2.640741233141E-02      9.559644638772E-01      1.288572261027E-01
    9.700000     -2.105113225087E+00      4.373273529181E-01      4.473094130222E-02      2.020569700715E-01      2.623884333985E-02      9.486095484731E-01      1.271110120858E-01
    9.800000     -2.082736479849E+00      4.302775147948E-01      4.417176113338E-02      1.974991064909E-01      2.606601479088E-02      9.413368804109E-01      1.253849046012E-01
    9.900000     -2.060825059334E+00      4.233802658529E-01      4.361610495762E-02      1.930831569614E-01      2.588928045327E-02      9.341465797436E-01      1.236794223522E-01
   10.000000     -2.039365493853E+00      4.166326097694E-01      4.306435129726E-02      1.888041311877E-01      2.570897950000E-02      9.270386555621E-01      1.219950087973E-01
