# L=15, N=15, T=1.0, sym gs
#          U         Eg                 S₁(ℓ=7)              S₁acc(ℓ=7)                 S₂(ℓ=7)              S₂acc(ℓ=7)                 EN(ℓ=7)              ENacc(ℓ=7)
    0.100000     -2.932645766551E+01      1.960913400715E+00      2.978352793170E-02      1.792355049163E+00      9.189846116706E-03      2.376727915049E+00      2.880940148993E-01
    0.107227     -2.928013583758E+01      1.955902607221E+00      3.214790264816E-02      1.785728258263E+00      1.006388190362E-02      2.376076781248E+00      2.945804423683E-01
    0.114976     -2.923070493575E+01      1.950787333737E+00      3.463628173519E-02      1.778935524174E+00      1.099828150460E-02      2.375379368105E+00      3.012491883273E-01
    0.123285     -2.917796697696E+01      1.945569845084E+00      3.724849455774E-02      1.771981030379E+00      1.199443625331E-02      2.374632024585E+00      3.080947456633E-01
    0.132194     -2.912171244222E+01      1.940252257540E+00      3.998376758112E-02      1.764869129184E+00      1.305347654305E-02      2.373830984324E+00      3.151110031377E-01
    0.141747     -2.906171971357E+01      1.934836493184E+00      4.284072489609E-02      1.757604271193E+00      1.417625255914E-02      2.372972358233E+00      3.222912763686E-01
    0.151991     -2.899775449591E+01      1.929324237206E+00      4.581739720323E-02      1.750190933042E+00      1.536331862478E-02      2.372052127443E+00      3.296283456121E-01
    0.162975     -2.892956922548E+01      1.923716898677E+00      4.891123895642E-02      1.742633544655E+00      1.661492152627E-02      2.371066137554E+00      3.371145005233E-01
    0.174753     -2.885690246615E+01      1.918015575153E+00      5.211915312686E-02      1.734936417171E+00      1.793099306610E-02      2.370010094784E+00      3.447415913570E-01
    0.187382     -2.877947829587E+01      1.912221021245E+00      5.543752283330E-02      1.727103672620E+00      1.931114696440E-02      2.368879564424E+00      3.525010855927E-01
    0.200923     -2.869700568549E+01      1.906333621173E+00      5.886224890201E-02      1.719139176241E+00      2.075468009639E-02      2.367669971908E+00      3.603841288538E-01
    0.215443     -2.860917787271E+01      1.900353365078E+00      6.238879227933E-02      1.711046472168E+00      2.226057792182E-02      2.366376606614E+00      3.683816090230E-01
    0.231013     -2.851567173453E+01      1.894279828759E+00      6.601222012691E-02      1.702828722984E+00      2.382752383946E-02      2.364994628113E+00      3.764842223345E-01
    0.247708     -2.841614716209E+01      1.888112156344E+00      6.972725438990E-02      1.694488653412E+00      2.545391209112E-02      2.363519073931E+00      3.846825398599E-01
    0.265609     -2.831024644230E+01      1.881849045279E+00      7.352832163998E-02      1.686028498177E+00      2.713786375123E-02      2.361944867337E+00      3.929670724429E-01
    0.284804     -2.819759365156E+01      1.875488732971E+00      7.740960306092E-02      1.677449953813E+00      2.887724527440E-02      2.360266823709E+00      4.013283322987E-01
    0.305386     -2.807779406772E+01      1.869028984320E+00      8.136508355682E-02      1.668754133945E+00      3.066968903836E-02      2.358479654685E+00      4.097568904042E-01
    0.327455     -2.795043360724E+01      1.862467079360E+00      8.538859912097E-02      1.659941527358E+00      3.251261531470E-02      2.356577969859E+00      4.182434294528E-01
    0.351119     -2.781507829584E+01      1.855799800216E+00      8.947388179765E-02      1.651011957889E+00      3.440325512725E-02      2.354556275342E+00      4.267787912962E-01
    0.376494     -2.767127378206E+01      1.849023416555E+00      9.361460179517E-02      1.641964545006E+00      3.633867351556E-02      2.352408967734E+00      4.353540166554E-01
    0.403702     -2.751854490479E+01      1.842133668729E+00      9.780440655905E-02      1.632797663667E+00      3.831579281013E-02      2.350130322829E+00      4.439603760202E-01
    0.432876     -2.735639532743E+01      1.835125747780E+00      1.020369568851E-01      1.623508901857E+00      4.033141564285E-02      2.347714480531E+00      4.525893940761E-01
    0.464159     -2.718430725348E+01      1.827994271496E+00      1.063059604399E-01      1.614095013934E+00      4.238224756115E-02      2.345155428909E+00      4.612328725161E-01
    0.497702     -2.700174124071E+01      1.820733255613E+00      1.106052033580E-01      1.604551867651E+00      4.446491928544E-02      2.342446989258E+00      4.698829148307E-01
    0.533670     -2.680813613377E+01      1.813336079259E+00      1.149285809111E-01      1.594874382389E+00      4.657600884738E-02      2.339582801412E+00      4.785319530830E-01
    0.572237     -2.660290913852E+01      1.805795443559E+00      1.192701285872E-01      1.585056455737E+00      4.871206407490E-02      2.336556307132E+00      4.871727746689E-01
    0.613591     -2.638545606500E+01      1.798103322217E+00      1.236240553090E-01      1.575090875015E+00      5.086962615309E-02      2.333360729880E+00      4.957985479383E-01
    0.657933     -2.615515177103E+01      1.790250902615E+00      1.279847809611E-01      1.564969209672E+00      5.304525530052E-02      2.329989050285E+00      5.044028474152E-01
    0.705480     -2.591135084345E+01      1.782228515676E+00      1.323469809162E-01      1.554681679543E+00      5.523555997357E-02      2.326433976757E+00      5.129796803302E-01
    0.756463     -2.565338856136E+01      1.774025552259E+00      1.367056408944E-01      1.544216992731E+00      5.743723147278E-02      2.322687909871E+00      5.215235160940E-01
    0.811131     -2.538058219343E+01      1.765630363250E+00      1.410561262842E-01      1.533562145125E+00      5.964708641171E-02      2.318742897964E+00      5.300293199665E-01
    0.869749     -2.509223269191E+01      1.757030139620E+00      1.453942710813E-01      1.522702171198E+00      6.186212027462E-02      2.314590580045E+00      5.384925919287E-01
    0.932603     -2.478762685847E+01      1.748210767514E+00      1.497164929306E-01      1.511619832398E+00      6.407957630950E-02      2.310222110256E+00      5.469094112064E-01
    1.000000     -2.446604007267E+01      1.739156651661E+00      1.540199424956E-01      1.500295224693E+00      6.629703539017E-02      2.305628054982E+00      5.552764852327E-01
    1.072267     -2.412673969426E+01      1.729850497886E+00      1.583026976816E-01      1.488705280084E+00      6.851253439470E-02      2.300798248718E+00      5.635911984925E-01
    1.149757     -2.376898927608E+01      1.720273041770E+00      1.625640162686E-01      1.476823127153E+00      7.072472332031E-02      2.295721587461E+00      5.718516516436E-01
    1.232847     -2.339205375777E+01      1.710402704965E+00      1.668046645112E-01      1.464617261461E+00      7.293307512844E-02      2.290385728541E+00      5.800566748213E-01
    1.321941     -2.299520585437E+01      1.700215152172E+00      1.710273444787E-01      1.452050455647E+00      7.513816768149E-02      2.284776652329E+00      5.882057908818E-01
    1.417474     -2.257773391168E+01      1.689682708669E+00      1.752372495661E-01      1.439078307855E+00      7.734206480853E-02      2.278878021944E+00      5.962990929067E-01
    1.519911     -2.213895157860E+01      1.678773577368E+00      1.794427857525E-01      1.425647280124E+00      7.954883452670E-02      2.272670247823E+00      6.043369822352E-01
    1.629751     -2.167820975200E+01      1.667450760628E+00      1.836565052804E-01      1.411692007057E+00      8.176525811334E-02      2.266129118170E+00      6.123196833889E-01
    1.747528     -2.119491139561E+01      1.655670536211E+00      1.878963075583E-01      1.397131545548E+00      8.400180578166E-02      2.259223784168E+00      6.202464025512E-01
    1.873817     -2.068853003661E+01      1.643380242973E+00      1.921869641022E-01      1.381864066888E+00      8.627398494939E-02      2.251913774555E+00      6.281139140845E-01
    2.009233     -2.015863302867E+01      1.630514971450E+00      1.965620080701E-01      1.365759228291E+00      8.860420640223E-02      2.244144532086E+00      6.359142229219E-01
    2.154435     -1.960491107438E+01      1.616992476928E+00      2.010659674294E-01      1.348647047847E+00      9.102435927942E-02      2.235840671176E+00      6.436307208255E-01
    2.310130     -1.902721607721E+01      1.602705148477E+00      2.057567565746E-01      1.330301464857E+00      9.357932425031E-02      2.226895682144E+00      6.512318662855E-01
    2.477076     -1.842561021308E+01      1.587507023283E+00      2.107076559310E-01      1.310415791485E+00      9.633164411323E-02      2.217156048555E+00      6.586607686196E-01
    2.656088     -1.780043025710E+01      1.571192383108E+00      2.160074683804E-01      1.288565861133E+00      9.936740342792E-02      2.206396555868E+00      6.658179925689E-01
    2.848036     -1.715237271823E+01      1.553460061938E+00      2.217557083671E-01      1.264154949697E+00      1.028027811080E-01      2.194281805670E+00      6.725332302778E-01
    3.053856     -1.648260709840E+01      1.533853944107E+00      2.280463307136E-01      1.236333339940E+00      1.067891468495E-01      2.180306657698E+00      6.785191306862E-01
    3.274549     -1.579292589089E+01      1.511665774989E+00      2.349276603569E-01      1.203887944434E+00      1.115108051574E-01      2.163706370160E+00      6.832980669211E-01
    3.511192     -1.508593847390E+01      1.485785243291E+00      2.423179356171E-01      1.165113127726E+00      1.171616822977E-01      2.143329001533E+00      6.860926089131E-01
    3.764936     -1.436530593498E+01      1.454498099842E+00      2.498505700470E-01      1.117724467116E+00      1.238741226687E-01      2.117477848388E+00      6.856811955669E-01
    4.037017     -1.363598301182E+01      1.415299700833E+00      2.566419784928E-01      1.058993844397E+00      1.315604307872E-01      2.083780870309E+00      6.802606994019E-01
    4.328761     -1.290436614489E+01      1.364954479133E+00      2.610648602077E-01      9.864467772217E-01      1.396465667532E-01      2.039250592272E+00      6.674513093358E-01
    4.641589     -1.217815005189E+01      1.300239636092E+00      2.608021310370E-01      8.994105615020E-01      1.467961984064E-01      1.980824984732E+00      6.447012590071E-01
    4.977024     -1.146566346735E+01      1.219660213449E+00      2.535740268441E-01      8.008806427327E-01      1.509600155116E-01      1.906595503601E+00      6.102986827845E-01
    5.336699     -1.077467924293E+01      1.125343670558E+00      2.384749719667E-01      6.978318972386E-01      1.501342109352E-01      1.817295958821E+00      5.646593498371E-01
    5.722368     -1.011117778105E+01      1.023160755609E+00      2.168639201111E-01      5.986324031744E-01      1.435595367253E-01      1.716823212506E+00      5.108306130842E-01
    6.135907     -9.478761304005E+00      9.203323567076E-01      1.917569026478E-01      5.094462682673E-01      1.322624160297E-01      1.610988892748E+00      4.534772062868E-01
    6.579332     -8.878931435592E+00      8.225700192108E-01      1.662722532289E-01      4.327291978730E-01      1.183541225846E-01      1.505395478940E+00      3.970860089382E-01
    7.054802     -8.311802938665E+00      7.329292879893E-01      1.425361534985E-01      3.681334905553E-01      1.038773961055E-01      1.404001926714E+00      3.447459644614E-01
    7.564633     -7.776749408858E+00      6.523063901990E-01      1.215324703298E-01      3.140642742870E-01      9.016951297504E-02      1.308893075617E+00      2.979613508919E-01
    8.111308     -7.272792840193E+00      5.804049245879E-01      1.034573894450E-01      2.687176145984E-01      7.785338424881E-02      1.220753251824E+00      2.570691234157E-01
    8.697490     -6.798786955341E+00      5.164577800551E-01      8.810934170422E-02      2.305063312757E-01      6.708692546157E-02      1.139456439241E+00      2.217507494871E-01
    9.326033     -6.353493767913E+00      4.596009110153E-01      7.514315618534E-02      1.981472862776E-01      5.779703640611E-02      1.064505075411E+00      1.914078597924E-01
   10.000000     -5.935619212664E+00      4.090210810942E-01      6.419721041657E-02      1.706257627748E-01      4.982323505338E-02      9.952865761717E-01      1.653775885669E-01
   10.722672     -5.543836743701E+00      3.639963231149E-01      5.494420689672E-02      1.471362328510E-01      4.298812736213E-02      9.311992646912E-01      1.430345256849E-01
   11.497570     -5.176807626621E+00      3.238959722778E-01      4.710498179823E-02      1.270312466492E-01      3.712616906803E-02      8.717028872169E-01      1.238282998731E-01
   12.328467     -4.833199057254E+00      2.881694053755E-01      4.044721119759E-02      1.097835158434E-01      3.209258355304E-02      8.163312890632E-01      1.072897900508E-01
   13.219411     -4.511699507521E+00      2.563338273137E-01      3.477921462864E-02      9.495878333569E-02      2.776405285774E-02      7.646885328815E-01      9.302435678271E-02
   14.174742     -4.211030879049E+00      2.279638678432E-01      2.994302069437E-02      8.219624006073E-02      2.403653218998E-02      7.164392202672E-01      8.070112663481E-02
   15.199111     -3.929957520178E+00      2.026832268558E-01      2.580813913801E-02      7.119403236144E-02      2.082240095019E-02      6.712978912098E-01      7.004223165893E-02
   16.297508     -3.667292475055E+00      1.801579825668E-01      2.226638235937E-02      6.169824476377E-02      1.804775997808E-02      6.290193768329E-01      6.081338912432E-02
   17.475284     -3.421901453215E+00      1.600911447450E-01      1.922768620644E-02      5.349433105691E-02      1.565010891931E-02      5.893906742668E-01      5.281611936998E-02
   18.738174     -3.192705005289E+00      1.422181338254E-01      1.661677035861E-02      4.640033034554E-02      1.357642286024E-02      5.522244243496E-01      4.588148717046E-02
   20.092330     -2.978679330961E+00      1.263029630295E-01      1.437047165353E-02      4.026142349315E-02      1.178157936895E-02      5.173538458971E-01      3.986511349750E-02
   21.544347     -2.778856069282E+00      1.121349695569E-01      1.243560758803E-02      3.494551939797E-02      1.022707423557E-02      4.846288661835E-01      3.464318738536E-02
   23.101297     -2.592321348531E+00      9.952598621397E-02      1.076725588953E-02      3.033964615447E-02      8.879969657220E-03      4.539131738855E-01      3.010924658387E-02
   24.770764     -2.418214310313E+00      8.830787425058E-02      9.327361336006E-03      2.634697951790E-02      7.712028468115E-03      4.250819636066E-01      2.617154859403E-02
   26.560878     -2.255725272069E+00      7.833035768544E-02      8.083601231674E-03      2.288438120416E-02      6.698997545020E-03      3.980201954816E-01      2.275089998698E-02
   28.480359     -2.104093652394E+00      6.945911279456E-02      7.008456542106E-03      1.988034856635E-02      5.820011446217E-03      3.726212396793E-01      1.977884683129E-02
   30.538555     -1.962605752814E+00      6.157407598344E-02      6.078447564977E-03      1.727329868481E-02      5.057093584716E-03      3.487858104002E-01      1.719615405273E-02
   32.745492     -1.830592466064E+00      5.456794028321E-02      5.273502034987E-03      1.501012612203E-02      4.394737054765E-03      3.264211190755E-01      1.495151924641E-02
   35.111917     -1.707426962849E+00      4.834481601435E-02      4.576430441428E-03      1.304498598810E-02      3.819550932964E-03      3.054401945194E-01      1.300047907233E-02
   37.649358     -1.592522395257E+00      4.281903525160E-02      3.972488613276E-03      1.133826353511E-02      3.319960726251E-03      2.857613308645E-01      1.130447548409E-02
   40.370173     -1.485329644508E+00      3.791408293378E-02      3.449011700041E-03      9.855698960878E-03      2.885953848896E-03      2.673076336902E-01      9.830055750882E-03
   43.287613     -1.385335132668E+00      3.356164001739E-02      2.995106842454E-03      8.567641963262E-03      2.508862735766E-03      2.500066418647E-01      8.548185261369E-03
   46.415888     -1.292058711852E+00      2.970072613406E-02      2.601394303923E-03      7.448415224571E-03      2.181179556208E-03      2.337900079444E-01      7.433655938387E-03
   49.770236     -1.205051639818E+00      2.627693089361E-02      2.259788783705E-03      6.475769701532E-03      1.896397569856E-03      2.185932240038E-01      6.464576078296E-03
   53.366992     -1.123894647283E+00      2.324172436259E-02      1.963314177301E-03      5.630417560723E-03      1.648875026103E-03      2.043553828327E-01      5.621929788798E-03
   57.223677     -1.048196099697E+00      2.055183840585E-02      1.705946279853E-03      4.895630992276E-03      1.433718201730E-03      1.910189667910E-01      4.889196093198E-03
   61.359073     -9.775902541588E-01      1.816871155411E-02      1.482478913588E-03      4.256897078138E-03      1.246680733049E-03      1.785296584148E-01      4.252019309362E-03
   65.793322     -9.117356107308E-01      1.605799089107E-02      1.288409753515E-03      3.701620478639E-03      1.084076857295E-03      1.668361682652E-01      3.697923578194E-03
   70.548023     -8.503133562978E-01      1.418908516628E-02      1.119842767060E-03      3.218867004919E-03      9.427065543066E-04      1.558900765848E-01      3.216065467731E-03
   75.646333     -7.930258983524E-01      1.253476395776E-02      9.734047047306E-04      2.799142221502E-03      8.197908903989E-04      1.456456861573E-01      2.797019458035E-03
   81.113083     -7.395954855495E-01      1.107079824742E-02      8.461735044179E-04      2.434200116497E-03      7.129161241649E-04      1.360598844076E-01      2.432591852154E-03
   86.974900     -6.897629115134E-01      9.775638246507E-03      7.356168208467E-04      2.116877621694E-03      6.199853492614E-04      1.270920132663E-01      2.115659284411E-03
   93.260335     -6.432862981583E-01      8.630124727158E-03      6.395391788161E-04      1.840951388135E-03      5.391766293580E-04      1.187037457013E-01      1.840028529400E-03
  100.000000     -5.999399546761E-01      7.617230489316E-03      5.560364861509E-04      1.601013746758E-03      4.689067321468E-04      1.108589681009E-01      1.600314768701E-03
